988
561
654
324
732
668
655
762
515
217
827
814
874
228
896
265
796
123
891
113
811
430
397
570
918
841
681
561
125
773
741
882
690
850
659
399
910
269
588
364
119
855
141
412
426
917
666
297
298
12
446
613
380
192
615
900
506
336
524
81
205
815
142
591
978
358
264
488
566
212
155
283
585
726
334
84
880
282
975
580
38
688
47
898
971
232
890
23
873
750
61
429
166
30
972
266
221
58
492
61
957
795
946
435
515
681
602
952
409
483
128
720
814
112
814
59
956
372
697
395
787
925
883
399
870
778
399
157
29
937
272
121
464
182
309
230
30
477
121
324
516
737
240
663
816
662
204
312
335
154
84
94
681
319
910
50
520
721
579
670
946
387
820
75
829
615
81
864
872
976
915
106
343
198
79
561
990
214
403
132
747
594
206
316
52
486
951
688
744
476
603
751
200
336
894
620
397
982
520
451
304
368
222
475
651
623
7
366
261
512
419
233
104
270
513
535
655
527
770
637
485
187
515
508
355
500
459
167
242
941
364
912
3
185
345
673
582
371
850
545
566
468
138
912
319
189
331
761
533
723
415
288
933
616
44
910
951
601
846
959
878
368
23
75
873
391
156
248
941
826
842
520
785
739
317
197
442
37
587
50
675
93
341
309
48
105
985
191
893
246
785
244
849
836
254
288
356
459
586
114
454
237
724
241
584
116
755
295
915
309
452
429
319
256
78
772
999
755
618
442
493
649
961
20
767
426
606
59
638
430
868
206
703
553
938
557
205
417
327
299
295
29
646
290
576
59
95
968
165
795
574
566
96
576
270
945
932
128
966
774
195
837
54
697
135
228
241
623
441
585
804
890
356
562
594
580
363
926
321
71
622
730
4
319
361
579
416
149
110
582
87
157
888
905
391
481
79
114
9
186
776
124
500
178
800
778
347
125
900
427
399
223
269
324
274
432
256
192
129
788
543
732
629
641
767
124
338
931
511
73
383
200
667
979
142
799
12
146
917
917
404
334
906
710
851
764
522
274
101
674
906
528
183
342
790
779
272
645
802
404
490
478
470
308
87
550
419
501
965
21
835
34
153
62
233
146
607
856
275
218
591
895
38
615
201
189
151
635
133
56
933
551
301
650
211
293
3
530
981
281
120
608
532
80
139
651
163
914
163
447
418
180
509
113
704
883
887
896
30
145
1
250
769
75
353
949
895
499
438
908
474
71
954
502
982
287
370
602
172
896
220
597
735
842
424
993
563
21
231
678
538
316
219
333
617
687
534
620
769
46
630
196
294
894
838
755
959
327
647
222
346
372
964
881
52
753
365
426
186
559
305
302
308
956
341
928
200
554
392
27
994
257
583
450
191
533
429
443
593
515
276
963
420
96
642
246
138
783
32
129
640
89
234
244
263
924
515
881
412
946
309
422
605
441
802
848
495
798
377
304
695
196
827
990
458
727
778
596
346
502
697
571
153
494
910
167
706
814
998
901
547
263
416
594
401
466
527
299
418
217
486
981
946
395
271
587
369
641
26
999
565
40
76
987
714
584
175
963
92
366
613
647
987
551
869
548
253
262
237
444
113
766
7
928
326
42
827
323
941
389
660
396
481
244
311
161
145
287
340
777
27
866
159
118
358
993
579
850
570
785
531
882
229
608
610
258
866
92
281
78
92
58
535
386
337
459
172
602
976
798
646
914
885
305
774
641
637
123
176
693
237
178
106
107
121
558
446
662
766
610
742
249
598
310
369
618
187
563
937
71
474
171
951
510
187
853
242
873
948
445
100
268
476
973
311
92
765
716
140
974
68
221
455
770
343
682
574
408
588
788
383
226
485
800
570
273
85
175
482
237
471
954
386
844
863
601
744
137
17
93
935
624
70
572
373
498
85
365
260
41
765
645
488
271
960
517
567
558
37
357
695
688
902
392
242
344
807
481
274
121
348
827
107
590
230
107
47
746
749
866
996
227
266
546
621
357
593
599
718
626
90
701
263
290
797
683
401
816
586
358
583
550
665
214
20
924
632
974
357
514
30
616
385
863
177
491
237
322
897
343
766
157
893
521
431
778
155
184
986
294
513
855
645
344
49
543
826
871
928
428
795
74
706
1000
930
358
192
351
20
291
687
388
142
389
752
200
70
961
81
115
1000
278
223
750
266
513
828
63
301
502
135
362
277
723
892
835
252
294
873
468
128
543
226
334
929
563
876
973
725
188
530
38
698
612
436
350
546
735
310
600
922
493
550
955
261
272
598
531
327
574
290
473
182
290
269
837
184
639
206
105
816
976
216
295
872
218
562
246
593
387
694
591
498
113
408
906
235
661
118
88
795
822
775
719
621
809
985
385
518
563
902
468
778
878
451
158
117
789
637
293
489
904
38
183
553
965
819
453
917
479
821
293
385
20
172
503
508
874
875
212
479
901
836
928
521
861
672
155
492
488
700
298
281
568
661
425
476
621
358
862
63
86
556
409
692
366
141
51
671
528
498
557
338
469
683
421
513
643
138
986
656
252
470
546
770
304
781
993
876
100
517
179
556
133
587
546
648
927
560
859
167
501
779
844
353
801
939
553
139
415
122
922
522
621
508
315
498
370
530
429
144
122
637
360
972
746
782
371
54
812
374
339
509
394
650
727
827
971
693
417
677
734
566
357
451
283
995
626
869
746
923
509
396
179
960
372
501
821
590
182
401
915
461
59
141
216
708
195
889
553
489
420
608
865
76
186
123
392
85
632
407
325
400
504
658
455
984
760
590
533
567
3
990
502
877
804
88
990
860
827
400
507
948
234
887
95
498
824
947
983
418
516
168
746
909
664
104
456
830
613
511
216
964
735
14
51
120
204
110
418
608
387
432
504
191
550
118
595
842
344
387
652
916
946
785
464
78
900
775
426
250
148
994
254
884
769
57
194
686
845
33
956
864
863
738
201
81
830
735
953
65
885
76
664
641
572
212
243
833
39
194
971
183
148
800
50
94
875
513
341
189
167
801
503
352
179
496
704
62
21
623
950
177
95
744
725
252
862
16
291
134
335
625
805
352
891
174
96
766
806
1
392
263
236
615
641
961
908
282
711
667
429
605
383
628
933
911
532
412
456
895
11
872
32
575
175
425
164
583
860
615
778
130
464
531
499
969
94
456
179
538
736
712
731
230
949
696
698
440
134
455
483
537
374
669
538
898
53
246
930
153
305
696
822
988
915
639
23
471
795
646
461
40
998
693
105
131
331
17
589
435
971
898
626
997
742
111
916
289
958
704
6
791
727
626
887
340
77
85
535
305
648
54
515
131
943
105
45
75
62
647
724
972
173
532
110
690
285
255
735
372
566
851
657
617
57
881
924
288
966
731
867
854
400
715
316
110
950
832
807
366
627
992
319
563
900
895
16
679
460
660
999
973
976
565
19
651
371
984
696
717
531
296
702
895
537
772
801
623
251
615
207
811
583
842
668
483
185
937
729
120
930
344
397
867
147
576
120
242
561
264
848
565
148
636
895
34
964
75
75
967
824
130
272
631
191
524
414
866
101
480
3
225
542
265
910
530
929
704
993
869
595
392
119
488
870
141
919
807
925
685
218
592
759
765
900
601
339
284
90
151
826
876
384
540
653
960
138
386
21
330
130
84
243
652
462
379
378
185
361
788
455
570
296
411
369
628
49
370
33
208
105
632
361
143
195
803
391
729
741
371
910
347
257
850
879
367
151
690
184
358
249
580
915
770
752
366
284
511
917
183
243
935
634
119
828
768
960
886
25
958
789
602
281
337
621
503
459
921
988
923
744
157
946
235
9
882
816
278
280
688
752
577
458
823
603
268
696
623
844
880
966
666
921
918
193
622
510
788
479
397
979
896
470
221
602
271
678
526
220
354
419
37
414
914
910
898
712
210
952
356
26
965
79
385
759
854
161
817
960
805
575
760
65
243
991
960
954
103
653
497
947
960
933
896
950
588
267
608
550
961
357
29
58
8
929
998
795
586
221
186
47
154
63
650
868
859
139
793
888
244
731
987
518
808
289
213
731
412
408
139
905
767
122
684
166
962
612
159
627
442
499
644
746
185
300
283
753
659
929
319
446
579
358
717
545
578
836
767
373
415
752
429
491
88
183
753
861
809
606
226
273
297
418
190
811
938
39
832
933
472
633
413
817
842
527
156
823
307
698
486
478
926
126
769
72
811
578
191
375
386
8
50
748
498
423
35
864
456
231
928
151
757
21
830
422
457
240
418
478
372
409
882
464
745
901
12
434
649
497
632
245
476
400
837
403
886
294
483
814
869
581
2
80
940
118
477
38
441
442
591
795
669
243
44
587
537
974
516
779
446
454
743
476
200
223
237
76
614
30
718
88
370
944
932
831
256
720
464
590
30
853
776
905
503
516
503
312
89
848
924
679
356
117
405
47
400
143
665
434
56
224
422
15
146
986
987
272
141
891
986
450
451
284
830
46
82
258
106
542
666
700
276
577
227
116
954
226
807
151
884
674
116
946
10
420
648
112
723
535
802
309
391
877
668
319
620
709
630
427
695
925
641
298
72
40
45
450
231
889
945
471
340
959
120
234
885
854
713
915
904
847
460
927
922
596
155
934
303
142
405
266
821
131
396
25
979
745
860
110
797
837
809
716
417
461
919
810
806
682
850
831
320
258
575
962
285
563
506
647
737
342
321
306
691
350
326
131
257
555
600
796
119
303
724
552
181
84
207
16
240
811
492
947
366
569
437
235
113
541
499
956
960
297
972
249
807
408
867
783
750
144
162
211
65
732
140
213
738
791
60
901
368
798
503
656
705
513
165
142
654
699
197
994
98
825
286
707
638
532
891
265
356
264
662
941
517
355
269
607
259
317
907
237
555
393
463
515
38
259
558
629
761
182
880
950
533
793
951
301
493
211
445
871
187
98
564
50
280
391
136
815
257
327
335
918
866
293
990
94
138
453
163
642
802
22
362
909
989
166
184
925
730
834
129
765
571
414
283
56
730
493
210
268
658
64
334
367
705
785
992
903
298
943
505
921
873
287
477
912
810
126
789
964
448
163
642
813
206
169
861
513
795
13
89
521
369
619
130
365
637
636
551
730
759
309
753
380
612
157
700
169
986
833
939
210
658
689
49
148
753
386
206
714
297
956
513
1000
493
665
694
608
593
491
10
471
801
921
524
924
593
574
783
927
788
107
633
365
270
472
332
231
716
770
369
106
794
548
774
31
311
6
594
483
518
508
316
547
446
838
341
975
498
14
406
94
514
65
822
884
34
894
447
777
111
716
980
800
273
746
806
71
435
354
733
647
308
883
269
507
45
649
937
917
522
673
351
333
271
754
586
876
709
395
387
91
353
546
962
553
888
222
970
432
165
274
332
138
100
270
929
650
143
47
877
823
839
872
625
447
938
238
935
676
490
226
483
547
689
463
692
427
964
424
88
306
743
617
872
196
185
641
564
742
227
187
102
754
129
697
858
730
766
407
396
61
973
749
299
15
101
190
626
147
598
419
204
877
379
683
766
667
737
37
175
483
890
758
332
106
77
195
330
705
363
787
125
256
602
712
689
767
950
755
252
988
891
587
7
519
968
162
803
871
51
791
401
555
994
660
199
417
554
643
721
22
554
955
605
37
373
651
181
757
787
1000
131
24
581
883
984
490
736
624
368
774
867
888
160
565
310
358
861
307
202
863
685
677
864
255
797
668
776
614
592
57
263
749
447
349
918
98
650
963
484
403
173
450
63
606
698
959
138
833
795
825
994
367
170
983
978
968
192
735
665
546
273
510
782
75
92
641
604
996
979
314
562
791
574
301
615
529
588
183
818
310
629
516
110
322
253
293
287
670
200
870
298
390
542
444
652
39
761
938
776
760
817
354
188
178
579
137
853
20
876
932
1
321
116
75
464
857
223
275
906
700
361
251
842
596
169
179
665
861
299
623
372
507
570
239
986
944
156
163
547
847
84
553
450
14
104
528
829
956
8
585
641
176
788
900
294
946
694
642
515
672
554
21
967
899
533
675
164
324
426
421
801
232
665
908
651
931
647
296
541
30
995
71
92
540
816
202
915
785
162
488
338
196
43
204
792
813
541
84
699
204
833
995
403
492
510
725
274
550
719
95
305
249
145
387
383
448
8
401
408
884
78
566
664
52
277
139
307
640
120
463
131
816
899
452
472
724
86
20
815
483
893
385
455
235
311
399
493
462
727
576
829
690
164
755
516
972
718
952
262
642
356
914
396
851
330
638
755
825
664
149
459
972
740
616
490
953
219
105
63
741
29
573
560
593
497
592
141
277
55
57
88
627
694
997
838
775
630
576
194
676
891
399
441
355
404
45
365
376
790
231
561
344
790
19
279
980
414
324
867
510
674
76
253
601
485
884
996
268
797
529
651
599
135
211
971
280
513
108
111
26
332
28
671
171
922
167
259
675
767
591
845
186
684
771
649
441
502
954
643
602
183
492
356
568
720
274
966
230
192
465
904
878
423
676
583
291
407
68
894
752
666
449
195
807
421
827
893
434
876
87
974
203
700
389
777
285
782
324
199
960
130
919
431
915
908
550
587
184
486
186
404
615
843
678
6
42
818
422
290
850
307
889
776
365
651
441
687
235
602
508
592
280
219
765
706
235
86
212
687
271
88
832
400
671
877
868
411
864
786
494
142
62
473
378
717
831
174
263
200
141
815
886
637
103
768
387
676
663
965
856
854
996
364
872
772
462
939
966
213
51
599
885
785
741
173
459
610
863
522
934
741
5
382
1
222
595
11
316
699
338
539
494
327
827
267
364
121
330
983
567
338
584
401
538
213
805
314
686
226
95
867
93
23
534
372
428
485
806
88
809
801
953
976
573
556
923
459
35
880
496
494
276
355
982
995
836
776
938
844
928
245
999
781
461
567
523
535
707
303
698
564
298
743
18
203
674
267
191
483
432
934
642
238
557
703
243
38
13
344
846
370
757
464
213
961
712
946
837
488
418
640
613
566
942
477
854
852
377
869
944
606
315
742
197
37
143
658
870
238
684
276
184
172
892
481
1000
48
867
323
100
369
64
236
32
37
373
852
240
340
493
81
893
998
226
901
631
704
734
446
508
445
43
888
314
572
506
863
847
303
665
733
804
237
888
475
411
672
29
62
274
728
763
451
260
503
73
751
83
115
597
196
109
765
855
747
165
474
542
528
401
433
274
373
137
999
461
61
669
795
2
677
881
833
974
627
140
953
974
346
49
339
105
372
963
210
951
32
477
407
549
106
342
394
365
308
957
419
789
272
930
576
86
34
489
925
10
726
174
855
130
789
879
17
191
626
656
637
898
207
57
649
743
430
606
221
906
265
949
536
598
598
136
528
446
981
359
899
738
358
933
50
440
884
464
502
903
5
920
183
595
91
656
391
778
815
897
648
82
601
832
61
350
185
92
532
532
345
644
160
36
864
105
54
906
722
454
551
358
217
259
22
827
935
511
879
550
179
570
517
920
596
386
107
286
439
623
895
884
100
222
595
477
427
125
212
171
412
200
156
938
959
581
366
325
279
849
169
692
641
890
250
192
62
544
353
78
219
233
948
286
321
426
598
767
885
962
114
715
124
694
957
651
471
823
178
636
160
1
346
298
856
459
738
612
635
915
352
714
679
840
72
737
990
535
667
946
607
743
858
251
550
878
212
712
137
836
118
252
255
251
209
267
491
899
603
728
310
590
416
943
582
923
422
191
478
852
141
436
387
207
750
303
602
784
657
175
684
851
533
998
24
318
627
9
866
906
503
711
881
435
484
45
98
549
543
998
933
216
403
718
698
823
324
311
397
94
267
428
342
275
586
772
762
733
168
600
110
420
821
733
890
116
352
364
531
979
271
490
768
289
315
148
904
321
641
318
963
148
300
868
143
54
204
50
998
108
156
967
56
306
481
831
152
229
427
649
291
745
492
60
727
993
688
752
581
463
603
366
447
350
766
671
529
207
607
932
322
521
745
33
397
514
525
440
590
590
92
152
953
245
24
685
771
916
129
594
957
879
922
624
198
525
389
566
190
620
367
525
417
694
927
343
913
915
574
185
32
331
116
613
729
936
36
87
824
663
848
815
222
342
273
115
554
450
687
969
147
840
300
968
739
355
119
142
170
366
298
352
470
854
806
998
419
843
464
4
199
749
934
218
805
9
625
365
430
776
52
237
258
121
120
915
599
663
539
795
795
408
700
956
868
715
212
297
479
811
135
413
32
907
561
984
983
776
455
945
885
389
551
385
562
415
391
126
195
470
699
603
549
305
771
442
671
463
353
613
303
855
899
905
778
926
218
797
647
345
325
420
185
675
430
443
341
638
108
912
729
618
715
405
422
834
594
190
57
355
26
288
357
657
917
755
255
56
228
265
90
598
958
226
449
150
720
574
735
230
206
823
423
174
416
934
131
612
167
327
99
603
177
57
938
811
320
171
874
327
1000
542
261
7
476
150
11
703
818
113
767
313
372
680
415
189
852
657
506
171
685
844
350
811
491
729
189
770
239
632
591
304
298
784
837
887
90
166
626
764
608
780
448
295
784
969
147
16
631
223
974
643
760
724
542
106
761
690
277
379
510
394
468
783
178
257
124
505
753
5
441
918
575
50
761
504
869
7
475
842
876
205
707
404
50
995
570
604
271
628
739
137
310
978
207
441
822
266
418
955
172
347
839
967
908
222
547
320
314
258
539
611
945
929
267
818
575
458
875
420
326
920
769
735
90
806
240
987
924
254
372
789
317
377
73
398
738
939
144
115
773
460
896
4
612
80
700
989
925
828
116
202
282
561
27
174
199
451
851
781
960
361
994
518
220
897
542
362
93
567
513
716
354
717
743
521
39
295
849
629
133
795
437
685
924
703
179
214
732
906
598
357
415
819
379
409
62
988
699
421
856
347
217
333
977
641
194
783
699
266
82
94
302
949
437
267
213
818
962
595
222
677
897
74
14
379
910
559
269
560
854
999
427
636
128
681
524
833
752
930
496
914
296
403
118
525
453
802
268
297
819
85
991
679
175
525
630
806
878
677
268
113
701
527
83
886
782
778
484
464
261
567
824
85
166
678
554
390
787
367
736
481
664
128
912
784
445
524
644
991
97
877
988
830
779
225
969
624
35
828
904
372
655
651
476
263
138
795
271
792
190
1000
255
701
252
945
452
781
895
186
823
986
889
90
544
948
945
767
496
208
294
169
769
380
713
75
867
628
599
770
248
463
39
10
446
460
487
223
637
305
737
531
390
237
517
584
152
526
636
251
885
453
301
867
256
587
692
860
460
806
649
857
713
503
959
704
122
729
921
927
374
967
593
891
847
285
262
488
705
384
359
488
883
720
871
259
263
610
239
797
429
493
789
901
205
855
496
286
35
149
880
258
659
665
820
766
721
634
460
924
904
100
428
782
498
238
254
612
428
69
147
424
814
712
44
145
184
441
423
175
933
908
475
869
486
892
861
470
826
157
466
223
974
250
890
46
493
652
156
813
69
327
797
900
544
207
415
563
941
280
929
195
701
870
953
945
429
283
711
554
215
696
747
969
308
537
286
277
186
229
801
218
442
446
920
362
994
6
101
974
611
302
778
116
106
739
250
952
837
401
480
296
732
217
390
509
505
724
507
489
251
300
56
874
695
679
178
642
520
830
688
327
874
445
711
107
60
39
237
459
782
340
298
219
833
62
977
448
421
683
659
699
263
675
755
282
550
455
480
608
733
421
275
418
276
247
12
135
687
370
959
479
412
663
598
632
790
280
419
800
44
235
227
138
197
609
444
997
948
59
14
168
292
593
387
467
658
875
974
608
806
759
614
304
214
520
338
387
685
560
785
918
511
923
561
962
218
799
368
963
729
127
571
975
843
854
433
605
913
777
54
18
450
824
106
538
574
702
31
38
172
934
598
359
730
20
802
162
581
560
61
99
238
724
317
48
82
87
355
875
1000
173
524
719
267
25
542
904
828
646
578
573
215
80
228
709
604
362
831
716
735
972
532
695
815
69
637
936
290
82
192
933
295
17
347
105
297
727
453
791
680
900
454
962
749
989
742
342
852
899
660
289
149
859
150
742
803
66
467
601
793
176
14
639
501
605
247
104
263
735
284
213
894
833
519
659
587
324
192
800
729
172
41
929
484
109
976
224
321
479
20
439
520
928
477
473
625
591
912
605
646
883
338
14
558
609
929
330
680
646
438
137
799
799
972
813
413
314
694
312
495
966
761
376
815
175
86
440
41
508
70
170
710
728
218
928
16
876
941
442
618
560
938
82
780
950
690
798
930
413
980
960
366
880
417
775
704
345
41
18
698
72
324
786
294
153
988
209
863
87
148
440
34
160
250
991
695
347
997
751
549
552
67
989
815
840
134
367
386
225
610
390
919
518
130
733
902
624
390
945
671
602
738
710
136
614
697
417
201
24
466
151
291
320
39
427
983
830
286
874
79
858
448
305
805
839
577
940
722
604
608
909
70
248
121
146
571
391
160
336
466
745
17
895
304
558
502
523
982
546
308
949
945
126
391
708
386
687
917
949
219
523
44
988
364
701
762
188
39
116
329
293
917
461
55
374
335
51
778
396
300
607
165
578
438
232
872
110
90
447
729
463
751
230
70
609
110
857
86
828
624
130
575
899
944
651
414
113
351
205
936
450
504
824
656
171
152
77
945
32
396
802
296
922
387
854
178
163
991
766
270
266
82
809
173
585
786
343
432
113
889
409
656
389
379
962
519
497
620
868
594
984
772
728
980
581
116
716
706
260
844
983
160
206
426
292
438
452
810
74
353
968
650
300
496
787
646
468
760
235
473
348
943
260
637
770
183
856
130
317
726
746
687
668
489
466
76
902
842
275
371
191
440
442
398
240
271
896
328
311
588
114
676
566
682
306
617
385
403
329
875
994
557
126
663
119
257
112
744
237
907
637
160
560
590
540
268
696
387
66
179
594
568
796
389
585
71
823
972
202
256
727
794
678
428
737
641
638
554
565
976
80
891
560
276
923
480
788
163
32
329
58
474
207
763
820
731
636
705
945
473
507
215
457
159
641
216
962
206
157
884
720
943
235
937
143
875
33
443
10
998
998
962
471
978
85
968
257
894
507
917
748
751
726
496
112
433
795
598
594
133
381
132
341
713
948
134
303
851
426
408
512
802
555
525
101
190
549
601
227
993
365
43
268
721
667
987
550
208
197
786
584
73
610
748
92
199
45
472
358
953
502
442
660
297
943
818
51
795
832
327
319
952
641
156
80
531
823
133
581
318
595
383
934
851
221
613
45
724
344
7
5
116
291
379
645
996
329
315
189
333
113
503
356
984
627
11
611
965
864
63
968
675
78
167
823
158
640
158
488
996
946
392
688
402
814
790
513
375
332
133
181
883
442
781
70
214
982
383
137
491
679
310
249
218
451
752
121
379
441
789
351
332
537
615
601
107
496
190
344
522
855
752
607
799
403
829
1000
923
627
573
709
301
366
32
879
444
276
414
127
778
380
621
675
492
519
350
833
139
565
604
302
587
400
395
567
114
227
629
460
535
263
95
907
4
965
196
979
829
488
925
413
236
251
630
347
300
443
634
133
611
54
833
513
633
153
529
175
309
508
879
561
889
984
612
68
913
992
637
15
208
59
787
960
159
313
643
162
273
256
373
206
877
535
80
905
656
340
890
614
147
25
491
798
564
216
378
443
948
756
750
98
887
938
771
888
244
90
945
930
54
222
870
523
148
399
66
78
319
302
218
595
543
824
790
864
695
274
658
243
749
316
46
906
689
811
575
843
359
753
434
311
15
373
29
561
266
94
736
5
370
922
899
753
54
349
539
873
844
268
427
276
32
995
497
798
679
804
604
743
97
751
531
764
135
660
857
226
23
711
438
705
452
327
90
677
936
810
667
454
933
232
139
721
597
759
178
169
594
126
523
547
97
467
373
466
874
591
469
350
424
356
165
6
618
162
729
400
660
959
18
54
42
421
835
375
79
593
36
509
897
434
753
967
319
217
686
580
319
44
374
92
598
656
977
344
53
696
313
481
757
708
227
325
59
81
622
779
989
613
566
761
121
478
609
940
778
617
806
325
946
8
110
58
784
38
407
684
398
333
501
964
323
461
189
69
361
892
825
556
269
849
116
242
739
103
350
964
920
627
704
110
161
364
769
577
924
972
193
218
773
847
862
495
795
655
780
292
784
193
511
911
511
382
834
250
966
216
498
906
879
557
970
749
414
10
460
240
871
425
864
328
345
694
382
520
85
696
613
783
621
307
347
512
718
957
832
623
691
77
573
307
625
103
94
592
998
271
565
480
830
188
344
427
840
813
1000
288
729
677
52
433
387
626
356
774
529
898
157
891
239
628
420
952
897
839
877
359
806
674
157
584
786
650
328
705
766
593
403
558
14
858
676
247
636
676
538
45
515
297
10
997
825
236
401
295
633
336
991
222
922
871
746
153
112
826
619
253
548
284
360
466
58
338
95
466
397
560
470
485
114
278
560
794
779
289
439
193
835
68
77
365
38
527
445
841
571
741
167
456
94
695
309
60
296
700
174
901
379
202
171
401
898
865
615
715
329
947
629
615
320
274
807
21
482
713
100
93
637
463
465
49
725
284
167
814
935
208
470
362
681
652
340
772
953
644
601
648
801
871
357
513
557
267
780
572
780
469
147
897
427
976
905
129
291
133
766
675
948
424
920
139
815
366
475
587
467
157
579
152
383
307
715
489
601
776
776
515
437
360
629
277
720
906
977
393
390
690
479
212
268
373
32
84
244
904
378
736
273
384
90
382
813
76
429
599
905
444
764
826
878
806
794
94
332
360
186
213
584
810
351
805
691
359
105
498
366
779
443
676
489
421
110
398
683
280
163
137
608
536
340
654
660
869
369
20
949
317
378
194
960
678
18
26
352
326
26
844
710
67
581
560
558
492
338
993
88
372
633
424
177
884
422
907
92
467
986
313
840
956
926
438
677
703
774
414
149
303
99
541
185
486
23
350
482
461
86
654
268
778
295
942
735
536
618
604
41
41
127
381
277
115
809
958
700
103
913
364
952
367
747
678
354
406
168
264
949
400
86
376
458
148
851
148
786
903
221
351
737
303
402
227
410
940
888
45
23
819
272
227
892
954
945
968
22
110
227
622
214
532
996
819
480
879
938
609
679
936
789
837
512
498
15
621
333
419
139
926
870
510
936
159
669
856
612
628
240
838
266
493
792
375
748
363
336
27
597
581
482
289
973
850
583
980
727
787
210
909
778
561
171
6
132
748
886
748
364
457
574
130
780
110
199
85
914
397
293
340
237
372
974
626
808
418
715
834
12
599
64
743
632
303
337
826
361
117
383
263
205
312
468
723
47
363
927
262
234
256
450
411
575
979
611
54
752
211
914
889
179
805
39
112
767
608
748
627
538
696
618
978
548
539
964
84
912
548
842
376
815
246
264
285
758
885
287
690
724
145
215
81
606
542
686
16
918
188
364
992
754
345
907
316
852
937
847
702
599
743
625
892
319
72
503
964
982
776
784
141
395
484
285
198
184
289
961
995
935
352
51
577
444
853
682
154
224
800
152
638
438
855
263
872
669
56
14
858
690
257
386
205
981
250
529
107
625
978
674
573
571
537
174
807
635
991
127
198
883
698
890
337
419
52
637
582
755
89
585
93
83
442
851
421
511
947
751
539
715
939
903
776
516
932
121
746
820
239
394
720
880
885
17
220
81
558
783
457
590
201
100
74
720
884
374
136
42
952
485
495
778
331
23
742
620
609
532
324
450
17
227
793
696
556
85
851
827
709
606
385
632
383
453
90
392
866
207
517
805
384
241
843
896
410
174
322
54
931
534
329
223
934
68
107
48
231
871
300
733
245
18
478
757
300
275
480
448
305
98
787
611
122
722
658
192
690
184
919
342
679
37
601
23
487
759
385
302
267
920
794
631
625
734
775
893
820
59
887
477
352
974
124
659
91
952
522
413
679
673
955
781
307
908
949
711
900
934
163
548
915
390
412
746
670
915
534
148
123
920
424
475
626
770
375
869
291
959
792
852
35
590
489
89
506
431
352
548
641
850
419
73
215
434
56
440
774
475
703
394
339
686
601
161
698
459
362
145
104
668
503
418
836
617
484
95
457
546
948
497
903
699
537
146
215
669
40
628
820
967
140
916
24
587
545
944
233
853
584
891
386
679
565
981
998
570
102
648
871
556
931
825
65
334
401
176
150
725
226
186
358
319
295
379
593
46
917
23
681
6
929
285
807
708
726
422
666
667
347
22
920
806
797
534
177
567
410
294
40
437
978
881
57
13
862
68
184
92
432
906
187
600
874
817
147
221
269
719
998
735
503
579
380
288
64
306
753
312
174
146
510
314
158
47
745
400
940
768
810
391
302
717
24
60
404
906
928
152
420
876
931
303
71
100
534
86
705
776
512
958
622
212
665
438
83
89
191
57
95
756
878
41
620
918
304
383
384
818
940
305
696
721
410
37
306
772
440
924
273
777
835
161
976
708
459
186
58
219
256
539
453
863
856
553
946
305
678
11
573
805
500
64
933
881
202
699
881
394
599
29
398
322
962
832
251
403
380
292
162
719
617
157
122
632
690
763
524
218
735
809
888
979
554
534
21
148
975
756
632
152
574
827
227
97
287
325
349
470
879
29
97
492
468
734
599
344
778
621
941
809
3
452
894
784
305
204
978
582
91
654
913
158
270
707
410
66
587
180
361
765
35
4
205
807
853
228
789
195
669
980
373
26
84
890
209
613
642
42
896
741
965
302
127
852
428
903
173
215
376
795
346
694
605
468
668
711
179
185
105
808
234
377
678
77
957
537
147
562
29
252
670
436
860
49
736
71
662
267
254
371
951
970
648
151
295
809
826
880
309
906
163
996
564
332
898
305
676
38
164
303
856
456
892
76
904
536
355
97
47
993
207
666
242
882
32
488
657
919
669
625
743
564
208
978
916
136
350
620
202
487
991
453
154
5
976
190
584
430
827
533
761
66
734
106
853
793
268
567
269
533
409
76
292
338
714
811
858
283
615
849
67
672
836
837
823
445
56
403
778
724
424
695
380
175
390
333
653
514
290
556
644
434
82
698
124
529
131
75
658
349
355
497
364
763
480
399
109
246
941
198
656
399
742
245
478
482
214
509
413
711
497
137
14
386
36
578
977
512
214
686
548
105
326
380
144
626
888
534
533
113
292
784
675
970
213
993
558
869
51
755
47
569
576
462
617
867
574
562
830
325
762
963
175
498
310
985
87
368
931
689
623
317
190
746
796
896
908
718
233
357
226
636
950
233
445
872
989
351
132
864
359
860
947
613
799
556
537
323
70
246
344
960
213
807
738
955
401
39
468
227
492
403
404
484
175
363
733
793
1000
942
913
591
419
925
892
341
42
359
407
482
553
294
547
583
686
821
90
508
479
194
195
100
80
564
828
288
950
632
802
52
633
489
833
651
68
274
592
140
943
446
991
26
834
947
25
991
65
364
593
759
897
564
641
55
968
147
582
429
298
237
765
214
694
387
604
361
779
954
557
989
23
803
525
135
995
164
620
573
138
698
47
426
219
399
350
623
301
964
635
232
28
810
559
417
511
11
933
173
336
608
777
852
329
344
746
515
360
126
734
275
396
944
570
670
9
358
611
590
94
266
45
298
530
360
761
968
90
741
411
746
945
320
429
569
234
514
394
766
159
972
70
24
505
688
632
728
52
88
361
851
669
824
993
717
534
458
671
253
981
423
714
383
74
821
379
454
155
916
963
504
584
974
310
751
633
664
643
643
91
720
99
11
179
789
223
238
115
737
874
623
992
638
993
819
264
783
498
182
67
353
330
691
391
465
957
513
61
481
733
657
425
82
186
191
256
372
210
247
648
235
883
235
796
439
12
998
878
679
538
188
390
189
402
631
432
223
704
508
369
117
742
855
194
979
893
590
206
832
348
537
590
245
104
216
644
555
299
664
613
458
797
581
75
712
68
486
776
944
547
427
464
101
226
960
241
523
623
717
347
270
879
364
371
784
423
223
925
949
142
656
212
386
416
338
258
381
496
61
327
888
234
377
841
649
87
765
873
147
353
95
566
932
56
650
937
768
594
565
134
741
700
850
285
164
53
349
985
594
369
417
856
200
680
277
500
822
734
615
705
393
762
978
423
115
759
922
257
884
314
859
478
489
710
360
533
560
190
241
375
118
882
27
936
695
169
112
92
566
736
251
217
61
615
723
744
802
116
993
746
382
367
777
893
980
435
720
118
599
394
24
912
43
719
470
3
621
992
597
992
882
490
776
147
551
598
723
289
467
835
328
520
986
935
321
30
505
611
636
217
172
677
392
907
110
958
983
520
317
156
506
559
428
634
801
374
692
607
156
624
277
10
436
363
876
593
351
681
853
169
651
486
593
149
886
179
671
60
830
963
720
743
324
167
268
812
687
897
941
491
503
263
235
708
673
22
927
43
780
829
795
103
347
72
411
911
271
716
177
441
377
728
750
885
611
325
350
731
14
976
285
445
835
749
170
522
778
498
822
600
264
817
613
385
387
641
707
948
765
279
986
486
873
537
986
262
418
585
993
209
638
752
410
467
351
849
26
23
293
869
253
253
49
310
867
359
217
61
434
292
977
637
867
127
290
257
788
708
504
150
268
351
100
122
122
746
687
903
927
935
582
125
96
127
480
29
911
242
21
402
162
576
544
305
611
410
31
788
521
438
711
510
29
502
782
469
201
554
121
398
504
745
782
576
338
730
385
60
384
968
579
979
812
45
878
821
898
653
73
248
273
644
842
203
702
952
869
904
496
856
966
279
999
82
195
511
103
655
545
551
16
12
432
786
874
176
118
417
785
900
737
739
947
522
894
764
273
766
402
512
328
629
305
224
135
141
896
292
425
6
325
536
423
827
962
107
698
364
236
325
755
474
46
950
219
670
599
685
82
968
844
973
613
871
646
704
126
259
231
238
441
93
413
580
204
416
140
473
924
150
176
145
111
183
877
417
861
375
486
502
942
408
163
500
168
396
585
507
552
993
246
34
910
325
884
756
246
40
901
416
601
343
312
391
18
795
360
844
821
188
740
948
614
276
895
152
814
505
493
913
139
776
76
869
877
89
405
919
919
496
488
730
631
458
596
829
226
976
918
91
315
530
451
561
89
945
700
286
382
921
219
41
431
258
33
55
520
715
873
867
256
629
115
327
535
978
245
446
89
697
287
732
650
679
775
163
880
735
9
926
742
413
205
426
917
139
557
80
372
235
342
590
832
960
153
377
50
613
277
811
618
312
844
826
142
554
130
344
902
561
727
299
690
949
890
442
350
927
238
700
507
419
972
158
950
997
948
222
74
159
870
403
325
525
177
585
935
182
392
865
630
177
149
603
812
100
339
288
921
5
322
455
535
765
363
581
597
92
797
192
123
729
950
316
146
852
822
827
742
645
458
693
532
513
967
962
535
285
241
748
236
577
374
478
721
189
583
198
498
459
351
185
389
303
713
921
936
55
529
235
538
3
186
154
180
712
629
124
167
861
367
733
548
62
739
436
895
280
35
709
836
856
634
726
75
687
82
515
866
412
437
923
589
360
804
912
23
701
813
509
774
758
788
510
416
978
632
719
134
789
925
870
550
915
963
87
614
924
823
654
943
600
487
641
94
145
757
682
799
719
609
111
936
926
201
896
418
8
277
668
190
134
38
195
382
372
536
621
219
677
958
776
700
109
808
518
439
523
67
879
400
120
80
536
365
821
602
69
520
509
186
437
927
166
951
355
492
380
578
164
157
700
405
860
340
565
82
223
455
588
666
941
161
8
76
643
179
371
928
349
934
218
115
1000
951
269
794
134
992
419
975
34
656
398
11
739
698
867
137
872
198
593
108
931
712
391
646
365
775
495
515
205
640
791
687
634
36
981
953
215
888
443
898
997
427
783
15
812
913
26
74
98
505
838
420
843
869
601
923
988
138
93
210
750
349
246
56
17
818
115
881
140
147
723
543
360
640
849
940
3
916
73
938
621
623
927
730
986
197
41
38
55
199
672
419
866
481
267
561
980
465
177
67
1000
434
513
475
307
6
926
249
797
690
133
452
814
164
95
942
199
866
751
553
542
50
692
544
197
4
588
123
390
452
467
774
995
167
770
863
947
820
961
423
513
710
877
674
185
77
411
199
704
909
645
196
911
37
680
293
410
53
870
91
862
739
350
513
982
975
347
309
624
813
792
540
168
465
937
118
402
695
743
641
282
956
788
383
36
655
541
734
65
16
25
495
267
774
257
972
631
726
952
477
452
343
917
851
157
334
268
988
112
623
777
58
635
84
291
388
305
833
500
939
143
535
916
192
932
350
672
840
173
983
941
785
871
445
529
892
216
192
200
630
577
725
333
903
600
921
145
272
592
505
674
965
551
676
137
685
735
936
866
61
759
801
694
111
549
4
585
364
938
101
483
896
443
801
533
534
570
943
553
270
25
472
354
18
838
283
673
377
366
934
510
399
711
900
358
622
853
394
881
242
709
428
920
174
569
592
942
76
35
552
317
76
897
808
252
807
815
649
722
159
210
101
978
664
327
139
792
739
317
631
692
765
267
559
287
517
84
365
83
199
108
643
432
358
631
357
977
782
91
765
268
333
588
780
472
271
519
246
324
861
126
130
379
76
566
476
865
649
785
203
707
266
208
61
952
457
854
297
303
942
649
294
781
376
845
621
717
549
696
63
59
214
55
960
264
245
144
45
294
86
539
884
454
669
612
802
958
223
980
817
978
710
761
168
632
373
42
431
875
948
386
959
998
479
115
549
757
268
342
391
401
315
12
722
1000
595
515
361
679
26
400
467
619
719
372
739
220
771
246
312
398
491
531
448
302
856
16
762
976
995
621
666
221
263
463
626
931
161
46
807
146
118
818
494
994
138
784
177
331
152
139
160
152
849
925
317
937
261
758
695
287
117
731
990
689
73
932
294
594
925
203
187
989
569
184
371
719
934
145
436
680
782
90
148
520
247
53
545
687
894
148
109
884
839
411
685
21
408
785
635
704
864
228
774
633
336
672
575
717
440
941
971
872
31
157
64
77
307
746
483
980
24
131
262
656
115
135
416
63
818
806
432
812
660
215
408
796
980
932
421
812
793
213
53
4
315
986
5
838
832
502
758
284
639
772
128
16
725
487
358
93
823
539
289
544
483
114
595
437
948
843
658
107
977
798
3
275
837
359
384
151
201
329
201
593
769
638
58
535
980
658
905
466
301
454
689
878
889
356
163
299
765
465
530
790
640
551
720
70
399
340
937
960
374
424
939
523
188
484
837
33
851
833
876
730
199
853
458
829
494
709
923
205
444
800
848
497
706
719
331
169
329
35
367
34
564
603
78
64
880
529
612
14
512
461
413
353
246
803
352
554
961
145
548
885
472
899
633
918
116
405
116
699
630
767
927
192
354
693
268
117
224
818
186
385
645
602
849
976
690
301
615
79
597
887
398
606
803
722
261
754
357
532
929
84
23
322
902
797
959
498
639
599
69
538
547
354
500
863
125
393
761
199
563
874
304
877
811
21
695
221
320
623
230
328
332
878
314
34
874
926
256
194
888
194
456
724
379
509
525
552
898
368
829
561
838
969
625
779
893
775
94
577
654
934
371
397
334
867
187
359
268
416
855
460
957
859
312
678
202
952
744
179
980
404
3
442
80
89
292
433
946
397
808
240
138
37
387
797
908
38
273
875
49
367
544
601
844
930
619
317
848
188
755
313
850
21
533
486
100
913
39
400
145
8
9
700
180
448
271
871
893
183
341
466
146
899
660
736
696
545
898
435
915
923
176
504
900
227
808
124
926
207
10
527
924
427
63
22
76
566
990
28
817
675
136
563
336
823
132
756
271
813
567
671
806
833
535
590
872
434
711
262
90
721
498
294
816
755
861
468
345
263
301
306
675
316
317
944
76
696
517
353
575
873
182
666
505
678
572
121
871
413
784
256
405
416
732
214
259
843
769
490
881
407
52
960
684
892
7
287
54
408
411
184
154
646
824
702
230
889
288
468
655
993
218
45
185
982
349
891
561
74
431
814
247
689
658
141
341
557
315
877
119
965
703
72
270
80
317
338
294
771
964
917
135
124
806
344
762
33
402
641
753
252
142
542
412
694
78
656
963
379
69
120
363
739
508
215
929
377
434
904
957
160
702
17
921
123
612
918
571
447
64
525
564
154
844
632
565
230
791
17
748
49
630
230
230
92
384
627
811
357
858
286
832
188
393
852
732
855
194
616
800
541
673
772
312
608
587
487
458
851
733
159
691
910
164
920
179
232
200
535
631
707
637
534
419
728
308
695
248
7
175
187
945
540
25
536
663
991
925
643
993
652
992
668
702
509
595
439
884
880
183
492
107
793
826
839
83
795
480
795
861
459
396
921
396
411
55
86
747
887
497
424
465
567
402
502
677
840
789
814
520
132
757
404
205
359
983
688
589
523
671
75
339
460
738
802
430
161
896
156
784
368
531
673
132
141
482
872
743
211
46
989
937
243
95
418
596
143
504
332
986
821
973
320
393
829
575
294
63
82
109
943
116
37
845
705
787
781
318
87
929
26
793
998
182
700
733
209
211
25
853
702
424
30
610
303
318
176
264
252
655
59
758
416
458
690
268
199
32
715
890
296
537
241
998
937
924
159
547
403
30
424
856
555
880
41
806
231
618
803
713
764
791
710
421
537
315
859
665
438
321
509
732
603
969
191
734
268
302
846
729
931
755
555
700
902
478
141
25
376
947
295
349
843
816
812
178
16
915
109
800
962
527
972
98
570
753
938
548
495
189
933
340
404
590
595
132
735
308
930
359
851
392
583
406
974
731
531
820
215
319
406
419
80
832
845
944
696
190
934
645
163
85
273
656
599
190
427
903
833
4
921
636
359
974
726
818
803
260
778
749
699
903
363
316
76
813
493
998
902
794
309
332
177
191
75
282
562
758
2
96
41
154
912
408
200
306
68
783
915
548
36
40
381
365
436
787
306
502
748
637
280
352
56
792
847
767
22
854
715
893
991
607
486
967
898
855
943
891
378
786
261
389
102
962
642
625
980
624
142
361
30
671
565
356
394
299
672
889
105
867
297
884
556
547
142
359
946
275
783
521
114
525
132
475
678
68
388
362
981
330
132
334
944
321
460
371
126
422
351
317
569
912
600
647
915
58
861
862
854
967
464
174
453
340
966
153
536
215
429
403
496
838
560
812
179
249
974
944
635
395
96
573
976
331
499
865
838
880
473
202
488
668
266
284
145
352
290
143
347
683
338
327
538
821
469
987
404
829
434
370
476
138
597
213
865
964
666
930
733
28
660
218
402
172
640
847
447
608
62
518
603
387
967
608
840
355
723
911
640
988
387
564
544
152
956
229
184
361
509
111
800
819
143
968
72
391
446
144
445
745
54
431
152
441
710
924
200
407
33
770
84
213
401
13
155
292
580
307
314
10
332
852
38
259
326
992
492
888
953
165
718
806
805
648
80
530
290
397
232
869
164
381
107
523
183
875
630
451
447
965
905
650
653
355
459
127
519
867
323
884
342
686
885
281
737
222
929
65
80
21
257
39
562
439
379
796
196
840
104
494
492
286
537
555
788
812
384
277
623
193
169
562
959
435
891
564
483
750
651
892
76
194
759
592
278
928
493
542
12
777
735
492
884
674
558
606
461
212
910
440
599
733
206
338
887
772
539
536
596
261
906
179
672
60
483
247
145
73
66
453
866
314
273
467
579
47
58
210
946
511
573
607
709
259
316
224
240
245
338
598
545
477
560
337
29
47
831
999
92
633
15
650
15
662
392
393
208
418
715
733
979
348
482
692
758
718
621
910
132
842
555
855
987
839
977
633
661
609
144
247
138
208
637
329
321
359
500
225
985
94
606
198
80
120
604
915
818
718
253
776
259
392
9
58
330
838
991
369
618
283
396
780
156
650
751
278
558
101
917
728
522
92
863
481
760
853
859
389
887
553
986
571
316
70
238
736
237
379
746
262
14
16
190
58
272
499
261
645
72
883
32
88
21
41
201
134
518
372
971
761
194
428
722
508
15
549
919
524
342
54
232
483
412
770
102
163
359
623
8
441
71
343
276
278
219
399
505
348
366
815
814
870
47
32
401
730
805
146
685
809
615
811
577
776
702
27
399
857
518
295
555
587
551
33
342
239
694
831
558
466
814
936
378
751
697
725
254
214
308
468
569
687
462
522
934
648
119
625
281
730
197
726
635
187
430
429
735
456
285
390
785
544
300
364
973
380
48
34
704
231
888
144
163
12
595
999
959
29
228
188
204
33
421
871
570
830
369
288
340
333
550
698
427
595
634
647
962
187
223
865
853
688
415
463
88
259
390
306
276
789
758
915
395
769
429
918
793
820
89
927
345
299
864
211
958
198
596
600
278
770
702
620
732
201
694
207
756
375
742
851
457
891
486
494
108
638
542
212
266
519
189
588
232
783
387
205
818
995
3
90
476
800
401
536
185
497
219
156
901
662
148
461
709
523
796
438
742
93
276
902
9
788
73
23
12
356
769
434
546
77
909
602
214
830
54
417
883
484
185
805
119
200
241
845
183
824
955
181
176
794
315
225
809
17
46
437
849
500
709
724
79
331
999
718
602
615
423
986
115
714
871
431
775
592
30
18
149
726
793
715
183
115
678
136
693
698
436
136
236
264
420
672
608
287
963
